100
673671830 531678833 673671830 427196728
507676821 171156421 507676821 773329975
109041692 692995385 457591646 692995385
664138796 107651930 824126656 107651930
229843499 195024252 229843499 592900134
73287619 844707063 73287619 853468589
500795313 262688552 500795313 749905439
639823940 623763943 639823940 257886904
227768239 769572206 356289730 769572206
601417960 65529316 601417960 491351616
355760695 668379151 355760695 246161160
236079882 742660571 236079882 63270756
129537826 656285930 129537826 164483550
902135364 925937690 902135364 367252840
413061251 420717774 680992354 420717774
57863536 706482794 57863536 186967842
474176717 285640640 474176717 297852705
718138906 250998455 718138906 426650694
650944231 38870929 650944231 800924666
287401141 210344207 287401141 742100245
229634950 662570530 852802304 662570530
880812475 720496301 585767425 720496301
624685846 82565913 624685846 828202724
191558545 372615009 445597902 372615009
633933466 550707423 633933466 274017541
255118967 880945783 255118967 797907260
998815411 613008136 998815411 381690680
995219258 662419508 970256203 662419508
499063413 605659894 499063413 27451216
778152404 336956485 778152404 456922833
259309031 93608612 259309031 818187070
218208642 831450525 218208642 461547776
941692851 455007596 941692851 238921469
67233795 970758545 67233795 135115366
920312408 932280276 920312408 951138036
482252227 68517305 494753645 68517305
415895366 253186050 415895366 214309596
891924386 173377782 891924386 53212090
658842936 287018266 574217155 287018266
687635771 107050565 687635771 21726391
235229059 21404579 235229059 347961172
615107704 321692483 48204539 321692483
657633254 156602403 657633254 796047192
502713579 540520284 502713579 622284828
907063280 843835720 907063280 511736965
231426093 153718601 231426093 759190146
591073088 325598844 100584034 325598844
886514524 299013650 886514524 614673823
703960908 748615288 703960908 158603427
529083460 871811498 950212143 871811498
791426031 874888741 257007733 874888741
964442268 952564113 964442268 673466099
658919717 236410824 993056292 236410824
208064427 916313745 58433254 916313745
471891841 477617758 54510998 477617758
994074457 928714021 994074457 651525621
964970414 284645356 778547461 284645356
740938462 586758474 848872492 586758474
516505769 532592883 341077774 532592883
716256087 712573829 716256087 225409197
988975598 683973880 929797653 683973880
682501473 41259430 682501473 331076486
702361007 833196609 458441825 833196609
697669956 148155121 672063691 148155121
908722419 955250434 778240360 955250434
965757100 267672102 965757100 730042711
770254125 420028693 985841086 420028693
906693909 753985816 297741658 753985816
530651981 395783638 610481761 395783638
582023346 477048136 960084179 477048136
851698799 302218978 181055215 302218978
278760789 773774938 278760789 424801458
909000956 532492215 909000956 731346080
638517322 640089678 978479565 640089678
119079006 529914392 179850833 529914392
645136633 72838024 645136633 970180600
328662139 992420650 328662139 657111801
16618557 268781696 107718593 268781696
850503527 592166001 271264991 592166001
631968740 115865710 745556838 115865710
634022708 197900050 634022708 341375806
603305988 717352414 603305988 190693814
522087745 254059210 236670520 254059210
991199058 967238359 860618128 967238359
187452522 313055060 331471422 313055060
403374360 863618118 403374360 923390968
125880766 927089237 461740456 927089237
31241740 539215863 494397272 539215863
476927634 278717985 476927634 992278319
486332241 799662694 486332241 243633196
766941068 716818480 766941068 500681811
689465613 250970009 316180092 250970009
769445563 237611741 831409097 237611741
531562102 156299068 531562102 155011415
496431968 17127427 496431968 311852481
817177215 72111360 817177215 808232524
424570601 618717932 424570601 779040673
146977669 740750530 743677642 740750530
614148755 513839399 917182109 513839399
324678172 712200462 169030783 712200462
