100
48554406 632593403 561916028 632593403
512980034 792040386 512980034 979387051
249832082 593046523 249832082 938359337
610102412 186996701 47902720 186996701
905455150 854233823 905455150 124915502
209622162 688975585 209622162 51901025
884516645 955480829 884516645 989889501
322808249 973328939 322808249 294456040
508268992 419301605 60636733 419301605
701690911 564316026 701690911 889043490
963466736 302410651 963466736 463835539
441542612 861687433 441542612 182678418
367059518 25825447 367059518 787350850
316593446 783045200 316593446 313185422
187169647 858828987 595299085 858828987
276355092 70285084 38356468 70285084
111403844 714690641 111403844 504174629
363214246 540354205 337866448 540354205
641468163 936214738 170173567 936214738
386118271 524542131 359956833 524542131
23080748 137299995 949454919 137299995
321604570 610700733 81010355 610700733
190188253 466569322 517767157 466569322
251179101 702864774 251179101 601837179
783942327 681937733 226833039 681937733
390674670 150579901 659464713 150579901
890059481 933606629 890059481 551508067
673484445 736378423 738513539 736378423
984703022 211565137 984703022 999123793
242320944 822950069 31589430 822950069
416510000 507515831 101050938 507515831
788127792 155499996 456647073 155499996
676152848 966367410 676152848 665509681
910185188 303014327 604583010 303014327
64439640 505856967 733215017 505856967
781908291 598533249 781908291 811855515
540327946 768341952 352199948 768341952
533482877 591613319 320333676 591613319
839773256 125235720 839773256 76096620
777872357 578930024 506308210 578930024
891676177 229164413 891676177 471107843
368515191 987781993 368515191 887719421
192699070 75984835 192699070 26478471
607017509 107175305 607017509 291973252
873719928 596352867 873719928 615940947
688588301 223626447 688588301 175330546
505099697 756365136 255166017 756365136
713854689 331019220 946846075 331019220
860226099 929302057 860226099 577820166
217802814 119122444 393799263 119122444
325306316 250885190 325306316 54403938
48961140 394734005 48961140 877945097
129546478 699572482 129546478 115758453
154566191 26243616 617974847 26243616
954117911 618334369 954117911 223862569
954692256 62507963 677827579 62507963
843639575 365697432 476275829 365697432
457588630 571454602 457588630 836280475
537272696 63076435 537272696 577306522
411256725 361340471 450173652 361340471
231201946 279286421 323855689 279286421
299096427 19657181 299096427 196182334
654069732 256176188 218162564 256176188
885689778 811648066 667429345 811648066
849042893 245642606 849042893 661623246
258725420 236911749 258725420 702772573
123208098 385180569 84337325 385180569
462121901 306923115 268512248 306923115
163086027 816228925 666330927 816228925
197813348 125989550 197813348 451547223
12488667 157060952 851966038 157060952
455797025 962729139 455797025 831545769
711731083 548365883 351705444 548365883
238426781 501997518 238426781 708316132
228298468 71628300 360291448 71628300
339781508 88381559 550475148 88381559
792276198 687373647 697549851 687373647
934064117 858488551 934064117 609853791
890263610 771361495 190215135 771361495
409160203 309475914 809309132 309475914
223497947 126370754 99857404 126370754
195345480 619594935 195345480 631501498
518672885 453224156 480464372 453224156
941684660 35609380 697611119 35609380
856492435 123286266 800243440 123286266
24105333 674983054 40738440 674983054
895422066 957626164 868084030 957626164
64009669 896655528 632733875 896655528
181482780 5119536 181482780 219940164
535633870 205553820 155184208 205553820
851333886 474934237 851333886 815267082
921729647 234763469 921729647 434376836
571046905 72935869 571046905 696989981
539822672 613977211 539822672 360970089
213237922 847908037 950285903 847908037
765290742 615501797 765290742 967141791
187107482 930264443 472341424 930264443
896653389 16801803 544114433 16801803
598015348 595530407 752140698 595530407
418160582 974777834 420797891 974777834
