100
771291153 890093418 771291153 291915455
494577634 739490239 494577634 645442860
937033153 214464704 937033153 730878714
527838809 755872375 663587599 755872375
484430868 693656307 144269146 693656307
15038938 968125799 29148652 968125799
837891428 666342125 11122759 666342125
690575526 469503214 690575526 690631231
119794636 754400464 79986005 754400464
418826106 23230362 821739793 23230362
554392368 757003621 554392368 814015873
905914490 13302228 910851820 13302228
311564247 113799705 576595819 113799705
920313863 243276464 304065730 243276464
594613210 724353708 544565562 724353708
348010527 963514311 348010527 926804557
424257289 510749014 424257289 718384799
224350105 182247816 120630436 182247816
976727027 197742558 976727027 277912502
142859736 85303020 142859736 961246274
11525176 62381141 11525176 777850834
518149109 888414275 722783990 888414275
25369801 226515903 595259484 226515903
819618832 884674463 819618832 907700319
407700702 499646704 764475114 499646704
319490990 330351692 319490990 812747040
278456925 436293979 278456925 426309576
941099459 870268166 438826679 870268166
233374262 151115561 511229830 151115561
690988305 890032138 440741070 890032138
901803330 269140017 901803330 839809454
334416971 199190936 334416971 543276399
535430930 787327090 535430930 7445103
278323068 919013818 866002032 919013818
407647885 56701943 407647885 751956520
258867708 629759043 999211367 629759043
509204366 511496999 398840065 511496999
411704909 218093600 296950939 218093600
541226102 892895712 674536896 892895712
444643998 961775466 227626753 961775466
566694003 622505225 121552448 622505225
941552040 155882114 941552040 589940053
133489318 97855378 133489318 318606246
6159500 556396579 404274609 556396579
726452187 782109645 726452187 554945964
980813339 539694642 486685450 539694642
153494100 13585428 153494100 675127338
759962681 809168882 759962681 249931152
857161848 998769382 857161848 59298279
978060374 232560666 978060374 929006477
663558545 425550767 698119731 425550767
600025547 976644416 444304803 976644416
477982567 755472579 477982567 78254375
720153941 793255741 720153941 110534086
16311689 904281452 112790810 904281452
989265453 140584748 989265453 402746290
192958738 390819447 192958738 753222015
394926303 911570609 394926303 634622111
122917222 488809493 420052131 488809493
443811385 874493350 443811385 475909648
170635658 519497259 10457751 519497259
42255947 734783520 42255947 776083250
949924433 500310354 588556641 500310354
910357248 203867296 910357248 430240782
230876094 454482886 230876094 38792929
703311918 385008364 367623262 385008364
640386671 437442555 640386671 624578186
351557468 268315873 351557468 113986948
493310988 617132562 288804855 617132562
137434343 890802454 137434343 782396476
940694378 243710600 75427621 243710600
133623701 141705956 438141076 141705956
670359916 777907719 670359916 357263027
497780160 557409536 389974237 557409536
746592295 433169711 975513796 433169711
882628887 96977634 882628887 456626891
100659368 825728418 575444202 825728418
84741347 400663933 775635983 400663933
742946101 852318877 395613112 852318877
131540068 654226382 117731289 654226382
915487078 953778213 953533007 953778213
627207002 339354373 486016220 339354373
28148374 728898920 44240612 728898920
658145853 917803838 658145853 935321598
771460608 417337972 771460608 749229431
132797249 773849968 3836555 773849968
276644445 442113977 522350613 442113977
429805865 749440718 300341091 749440718
673554315 784018591 673554315 399515831
706387767 839830762 476530055 839830762
796198675 805702970 796198675 354194480
950142604 747528816 950142604 548241928
306867186 622560340 306867186 800150547
692720331 57800746 606765812 57800746
586949520 998631215 644524163 998631215
215429411 934546322 215429411 551177646
42733842 394112102 571584531 394112102
111790261 650205135 655818677 650205135
606053219 640246131 606053219 978581772
325847064 194735304 61961034 194735304
