100
197740464 367180615 146164482 367180615
38138607 431300682 38138607 288444876
202527901 611748920 58789521 611748920
971391170 271126412 84529671 271126412
930476243 546600265 541628281 546600265
356838277 804366669 356838277 185520836
785077228 581663596 532440816 581663596
378810455 5048484 492239756 5048484
39441077 754749409 439387766 754749409
294535750 283538283 294535750 600253581
463747757 829626292 463747757 638455643
124078348 332959297 280614462 332959297
772175088 78757409 897488244 78757409
876536698 205080356 568587758 205080356
188541107 605440590 188541107 627657249
809238157 326627664 120268791 326627664
536285019 426115018 179354080 426115018
204904739 589024742 204904739 324125079
600822726 381412886 113689068 381412886
56517409 432291395 506800887 432291395
268723067 372183895 874640952 372183895
187511174 595263198 187511174 116045678
530310368 274031973 530310368 406053869
944133030 731989951 320545497 731989951
702948457 297701299 23735897 297701299
670238681 151695439 43926985 151695439
199205690 459742425 199205690 226813783
752206580 552444967 738470807 552444967
572658469 396794945 572658469 665620351
511863204 705183203 511863204 911811377
433838874 862176495 772390407 862176495
957249209 774314582 957249209 677018494
850906115 48539936 850906115 960902925
822768836 940475542 243050807 940475542
345696082 809712895 892859468 809712895
265491040 159925554 508130266 159925554
926861689 533230292 472145138 533230292
161659808 889014471 161659808 380848998
873794997 835393438 131500180 835393438
971052983 750868496 549933634 750868496
825161746 985973102 825161746 783233786
322741909 250560443 322741909 369948158
593152815 901967220 933089757 901967220
615134830 697985042 970112612 697985042
878368439 57859442 878368439 292025749
976817664 545077974 976817664 438691680
557258772 534745977 557258772 218836994
905449227 972664537 822946461 972664537
840005148 548838304 840005148 338382381
303138050 481512156 964473476 481512156
80667340 607595958 979623472 607595958
592639450 44625169 592639450 343979140
692800645 501417821 692800645 583957164
10009244 306037608 295194507 306037608
13971869 415871864 13971869 120832793
604802659 713334245 604802659 864090544
881239397 457119516 138926642 457119516
355096415 477113238 355096415 839157106
819667324 734624156 819667324 370631237
833704086 672174632 833704086 553588582
356562758 537514284 33084104 537514284
987475391 981657294 987475391 853983912
612106865 314943854 612106865 551573914
296364941 977520199 296364941 409905347
623244854 808930935 623244854 350847265
213959397 407034431 213959397 748504659
628131286 612075224 628131286 423510550
544343668 528731463 544343668 777745132
379745672 24745117 379745672 677334824
84000972 741942360 84000972 733463432
351018274 883759094 351018274 576205334
993684542 210488903 993684542 586802665
389054820 110798671 386080932 110798671
88678287 387189977 88678287 889895377
746940398 739179866 433010483 739179866
615791622 693192597 233764181 693192597
105638106 816352998 943867784 816352998
146274650 636738008 146274650 975609360
918611598 363731057 918611598 531575972
268866603 280667462 268866603 285858094
356405729 453013746 356405729 428951949
411729781 143165369 645175184 143165369
253031670 849769915 253031670 266990861
160576359 686642676 618725318 686642676
777626816 708619836 226505638 708619836
954003836 198953087 832748511 198953087
265267000 712978496 644894757 712978496
311516526 819429589 311516526 564394487
123385071 981968223 123385071 633033462
11289119 830702354 11289119 802013065
263387863 389612838 263387863 320227140
931479119 316326106 778072289 316326106
740193685 509121712 601889642 509121712
808058519 441949838 644425581 441949838
348873065 478863081 348873065 707426720
3525681 149565127 945595048 149565127
826105890 188856674 826105890 992197995
662266415 463734978 24014082 463734978
775240578 861490403 742380273 861490403
145408262 168889133 607092725 168889133
