100
325308444 878948771 561845137 878948771
325845761 986590954 325845761 151767347
263457866 299433214 458763077 299433214
945825325 659128116 257721363 659128116
219330162 712531554 219330162 783545166
111386835 565993306 111386835 209874259
398799671 137745266 463670444 137745266
610751167 111939217 610751167 617931090
883345449 888793356 883345449 875220703
10171757 862628936 829747739 862628936
939580019 279852497 939580019 449487538
11480974 747712823 11480974 644964340
661675255 473011479 390292507 473011479
796895429 141075330 796895429 404716
238163284 925527880 915347320 925527880
298313054 820937464 298313054 330936642
944413212 553455654 944413212 27875608
978230829 664877919 695067907 664877919
728775502 139764602 728775502 332933054
995233764 438526848 995233764 537776252
38546368 378283951 171031141 378283951
261746289 349906154 261746289 95048768
876413838 945978443 52905098 945978443
681654758 711716178 681654758 579323687
510672005 877086166 510672005 241595262
349288313 192143545 349288313 234267346
245921924 349348927 542267190 349348927
841164192 467174438 626889204 467174438
164156179 448233120 565190847 448233120
379111594 184370661 379111594 119284895
394499523 664479316 792003741 664479316
775722248 813365878 775722248 346799898
670116948 367769038 670116948 442065120
785214623 9174576 423487867 9174576
304443913 413473061 304443913 23529918
205547966 573450751 205547966 676826333
610415460 978025899 610415460 541241670
451407160 813234547 686232196 813234547
151531728 136044091 151531728 976274510
772265096 843140064 772265096 611821659
543664031 917032126 706550217 917032126
318182124 346339783 318182124 889566492
880582653 810594251 63122455 810594251
448711110 173294066 448711110 411845689
538691545 609917509 538691545 629072966
945610484 746133816 945610484 378582044
917883944 999952649 276802395 999952649
750040301 666655647 750040301 429369526
665939229 246385430 501438757 246385430
768515569 88477979 768515569 74960824
344796134 50596222 344796134 576568505
822533815 353450037 822533815 717838936
530391688 827396281 382398144 827396281
43035214 94194640 43035214 144518750
152373024 544895461 733687709 544895461
338821352 879793671 989282697 879793671
324628138 696526412 64691570 696526412
942818014 198998676 404690704 198998676
967383197 136787229 967383197 758578701
292925261 929760895 292925261 788945377
422175240 143353446 719310578 143353446
996265456 457649470 996265456 276168088
318557219 903142263 318557219 482909994
334200550 734449644 689315921 734449644
709109630 602847955 709109630 482268924
167459305 974465441 633094268 974465441
104631833 71385716 104631833 212527314
156394207 507674528 156394207 837763364
963685420 119061471 963685420 376974029
724753255 135259160 117866790 135259160
278470020 734418053 242287381 734418053
353647747 149992599 353647747 836074180
788552965 462279754 788552965 99721624
470965744 558641612 559628785 558641612
8929931 477080660 8929931 521870292
121920095 748094763 850504950 748094763
924018868 246065436 924018868 528781339
901400701 96831979 312548280 96831979
596708064 997353202 596708064 601523954
512418476 163462219 512418476 554424765
120750526 75154584 329422376 75154584
363790016 261931898 363790016 820954133
41290766 248791180 41290766 947875274
660503518 668307374 583694459 668307374
657874058 126620916 639678071 126620916
738992994 670647207 690001647 670647207
708667704 404475776 708667704 758222737
25864036 131168800 25864036 690165444
390233967 498031550 311138203 498031550
207838554 568622156 207838554 358349829
866958795 334988529 419180799 334988529
455632826 665253545 701140012 665253545
41746407 279145533 27064549 279145533
136736619 675909394 290053331 675909394
70135000 139132391 920987357 139132391
460752557 421868835 390802722 421868835
735163455 609021306 433480335 609021306
366128852 407849834 681862274 407849834
773074007 655203495 773074007 94883786
881172382 947305384 898143869 947305384
