8 7
13492705 1 5
76813495 0 7
69148750 3 5
84106759 1 7
67145908 2 6
49178506 0 8
17649850 3 5
7 6
4783629 0 4
3816590 0 4
7150264 3 3
7259014 0 6
5140273 5 1
8140275 4 3
9 8
715480963 2 6
729435816 2 6
780634925 0 8
972380516 0 8
813465290 1 7
305492871 1 7
127456083 3 6
028471653 4 5
8 7
78920315 1 6
91240873 1 6
02917543 0 6
27369810 1 7
18209637 0 8
79036821 0 8
63821970 5 3
4 4
6423 1 2
3524 1 1
4726 3 0
4026 3 0
5 5
85902 0 3
24798 1 1
32018 2 0
96518 0 2
34059 2 2
5 6
83279 0 2
48965 1 2
47618 1 2
25168 0 2
40836 2 1
49801 1 2
6 4
238450 0 3
986213 1 2
590763 2 1
620714 1 2
10 8
4762813509 0 10
0548761392 0 10
3619240785 0 10
1896572034 3 7
1894027653 3 7
1875094236 1 9
7094152638 5 5
5096127438 3 7
5 5
40538 1 0
10796 1 2
26731 1 2
42691 1 2
76592 0 3
10 10
9718260543 2 8
9602341578 1 9
5067821943 2 8
5318042967 0 10
1852709643 2 8
4762518093 3 7
7629158043 1 9
0542867193 1 9
9460715283 4 6
9863517240 5 5
4 3
0854 2 1
0784 1 1
0825 0 2
5 5
14562 0 2
32687 1 2
39821 0 2
07186 1 2
08653 0 3
9 10
852039467 1 7
932780514 0 8
601349752 0 8
178962403 2 6
148205697 1 7
876195243 0 8
763502481 3 5
268537901 1 7
587906431 1 7
365812490 3 6
10 9
6238579140 0 10
5640187329 2 8
9510463728 2 8
3940812756 3 7
3750142968 1 9
9340826571 0 10
5014382796 2 8
4906183752 2 8
3804615729 6 4
10 12
4278561930 1 9
5879032164 1 9
9186270534 1 9
1608439572 0 10
4769150823 0 10
7251683094 1 9
3075218496 3 7
0543268197 0 10
9072614385 1 9
7085342916 2 8
5021897436 1 9
8175903246 2 8
5 6
61509 0 2
23495 0 3
96743 0 1
50824 0 4
14258 2 3
84152 0 5
10 7
4198073652 5 5
4218079356 3 7
4186037952 3 7
6849073152 3 7
4096173258 3 7
4968713052 2 8
4593071862 7 3
7 6
7064289 2 4
4027586 1 5
6945280 1 5
7968524 0 6
5270689 0 6
6094758 3 3
7 7
8701465 1 4
3084975 0 6
9830417 0 5
7508294 1 4
4593760 4 3
4579360 4 3
7490812 0 7
7 8
6028714 1 4
8426503 0 4
9710654 0 4
1802739 0 6
7389412 1 6
2947318 1 6
3978421 1 6
3294817 1 6
7 5
9358104 1 3
9683027 0 6
6237190 2 4
3206794 4 1
3218796 5 2
8 7
48137905 0 6
26048739 1 6
37520649 0 7
59678320 1 6
04695832 1 6
20476853 4 3
25376894 2 6
4 6
9752 0 2
5873 2 1
8273 0 2
5839 2 0
5867 3 0
5807 3 0
4 5
9265 2 1
5261 1 1
8965 0 2
9236 2 1
6329 0 4
6 6
178645 1 3
728591 1 4
268179 0 4
521948 0 5
145297 3 3
157294 1 5
4 5
0952 1 1
4928 1 0
3965 1 1
3058 0 1
6970 1 3
7 6
2486597 1 4
5814392 1 5
7984213 1 4
3856241 1 4
4802519 0 6
0583942 3 4
9 9
421309786 1 7
863049517 0 8
520981674 1 7
985326071 2 6
178325649 3 5
658371042 4 5
628735041 2 7
658327104 3 6
607321845 3 6
9 9
718596320 1 7
786021943 2 7
407891263 3 6
709823164 2 7
802697143 1 8
083291764 1 8
478129063 0 9
704981236 2 7
639871240 2 7
6 6
142583 0 4
619238 0 3
584197 1 2
286450 0 4
453106 1 3
924305 4 2
9 9
640351987 1 7
675104823 1 7
470598216 1 7
210769834 2 6
350489621 1 7
613780259 3 6
713609285 1 8
619582730 0 9
385761209 1 8
6 7
192640 1 3
486130 1 2
491057 1 2
721639 0 4
895162 1 3
096325 0 3
982467 2 4
7 7
5437890 0 6
8950372 1 5
2045387 0 7
3758024 1 6
4852703 1 6
0528473 2 5
8723405 1 6
8 6
17096483 2 4
37219458 1 6
21896754 0 7
19573426 3 3
19047528 1 7
12978405 4 4
4 5
6431 0 0
7502 1 2
2905 1 1
2578 0 3
7085 0 4
8 7
60918457 0 7
94801526 0 6
81563794 2 5
45160783 0 7
31594870 3 5
87594031 3 5
89574310 3 5
6 4
651473 1 2
457928 1 4
859762 1 3
579420 3 1
5 5
25863 0 2
98240 1 1
67390 0 2
12647 1 1
08157 3 2
7 6
0821354 1 4
9257104 0 5
4925630 1 5
6914253 1 6
5946321 1 6
4136952 3 4
7 6
9236508 1 3
9105647 1 4
7203419 3 2
7635412 3 2
7245810 2 5
7804512 5 2
5 3
16970 0 3
01537 1 3
53097 1 3
4 4
6514 1 0
2834 1 1
8539 2 1
2589 1 1
5 4
75862 1 3
87264 2 2
27968 0 3
85674 3 1
5 3
62190 0 2
73056 1 3
03764 2 2
6 4
918302 0 4
580271 1 2
401236 3 1
809246 3 1
5 6
03249 0 3
74906 0 2
26398 0 2
40825 0 3
35472 0 2
92051 2 3
7 7
3278019 1 5
2708431 1 5
6870321 0 5
2194073 3 3
2084179 3 3
4098173 1 5
2143879 3 3
10 7
3017965824 3 7
4780963125 0 10
3027846591 2 8
3075129846 4 6
3915240876 2 8
9057421836 4 6
3697521840 2 8
4 6
0785 1 1
1720 0 2
2581 0 2
9275 1 1
0298 0 0
7315 2 1
8 10
82164395 0 6
21640789 0 7
67985014 1 6
76908152 1 5
17498630 0 8
69307841 1 7
04913867 1 7
46083971 2 6
93086147 3 5
43806917 1 7
10 14
3285491760 0 10
4590217683 1 9
9156280347 1 9
1926854073 1 9
6430159827 2 8
8397650421 1 9
1034785629 0 10
7641059382 1 9
9417062853 1 9
6870924351 2 8
8750164932 1 9
6842170593 1 9
6319504287 0 10
2456810397 0 10
9 7
453918027 1 8
013527849 2 7
958207143 0 9
701548239 0 9
517039824 5 4
512439807 3 6
017839425 6 3
10 11
0752169384 2 8
6358170492 2 8
9746103852 2 8
0865173249 3 7
9867120534 2 8
0648132579 1 9
7562143098 2 8
2834179056 4 6
2469178350 3 7
5264179803 6 4
2456810397 0 10
4 3
1960 2 1
1680 1 2
1869 1 1
5 6
38096 2 2
68043 0 3
30198 3 0
36798 3 1
32698 4 0
65819 0 5
6 7
126480 6 0
472530 1 2
762948 0 4
856739 1 1
821460 3 3
814260 1 5
623801 0 6
4 5
4376 1 1
4938 0 1
3516 0 2
5174 2 0
6179 2 0
7 7
2467185 0 4
9075634 0 5
4320916 0 5
7932408 1 6
7208349 1 6
3809472 2 5
3798420 1 6
4 3
8329 2 1
9324 0 3
8439 2 1
7 6
0546983 1 4
2930786 1 5
8310962 1 4
9820573 1 5
9302487 2 3
9386725 5 1
5 5
59206 2 0
58241 1 2
54807 2 2
57108 1 2
54786 2 2
10 10
2908346157 1 9
0285147963 0 10
3809524671 0 10
9152463087 2 8
9046213758 4 6
6197203458 4 6
2146703598 2 8
6412093758 3 7
4160283759 3 7
9467253108 4 6
7 7
8792361 0 6
7951682 0 5
9607123 1 5
2089713 1 5
2836170 1 5
9013876 2 4
0683279 3 4
4 5
9073 1 1
9784 0 1
3045 2 0
3275 1 0
3018 3 0
8 9
59840136 1 6
41793056 1 6
61879504 1 6
64380957 1 6
51364780 0 7
85190374 0 7
49638517 2 5
30987516 0 7
43801697 1 7
8 7
91674850 0 6
80352467 2 5
28017463 3 4
53081462 1 6
85012743 3 5
84057213 2 6
87510423 6 2
7 7
9756328 0 4
2460531 0 4
4091782 0 7
0182974 3 4
0128479 0 7
1287904 2 5
7982014 4 3
9 6
618290435 3 6
163490285 3 6
603195482 1 8
165298034 2 7
128694305 2 7
451690238 5 4
5 4
78416 0 4
81374 2 1
16074 1 3
01864 1 2
8 10
38460957 1 6
78049632 0 6
54307981 0 7
61930574 1 6
67893150 0 7
80164593 2 5
09684517 2 5
83476519 2 6
39178546 1 7
29507186 0 8
9 10
726358910 0 8
532416798 0 9
258769143 1 8
915632847 1 8
497162385 1 8
379842156 2 7
649537182 0 9
973865421 1 8
851972436 2 7
381964257 1 8
6 6
310296 0 3
532684 0 5
426753 0 4
843965 0 4
654820 0 5
265418 4 0
10 10
4810367295 1 9
7439506218 1 9
5031697482 1 9
9764053281 0 10
6843905172 4 6
6513908427 2 8
6345701892 3 7
5842901763 2 8
6857104932 2 8
1683405792 1 9
9 9
679153402 3 5
649102785 1 7
834157962 2 6
760193842 1 7
846753109 1 7
287150436 2 6
489356012 1 7
378159620 3 5
370952468 3 6
10 10
9734208615 0 10
0625174398 3 7
1673052498 1 9
1895624307 1 9
0612789354 0 10
8125467093 0 10
2061574938 2 8
6349175208 4 6
6509134728 3 7
7350194268 4 6
6 6
642178 1 3
615734 0 3
096187 0 3
452860 3 1
752849 2 2
462893 4 0
8 10
57281364 1 5
56827903 1 5
50619432 0 6
71803294 1 6
72480915 0 7
87024691 1 7
61294708 2 6
16248790 1 7
14097268 2 6
97146208 1 7
4 6
1946 2 0
3926 1 1
2846 0 0
1973 3 0
1953 3 0
6329 0 4
5 5
47960 0 3
89624 1 1
06527 0 3
80475 0 3
74653 0 3
8 8
04381526 1 5
59038476 0 8
07895634 0 8
34560798 2 6
38764509 1 7
84573069 0 8
65349708 2 6
35986740 1 7
8 9
67519324 1 5
20598146 0 6
18307429 2 5
17832059 0 8
05381927 2 6
98315207 1 7
51903827 3 5
93701825 1 7
08973521 4 4
4 4
4832 1 0
0859 0 2
7530 0 1
5912 3 0
8 7
45132096 1 5
65320718 0 6
27945081 2 5
18967045 1 6
94756082 2 4
31579084 2 6
91485037 3 5
7 5
3978506 0 5
6319745 3 3
6719483 1 4
6492735 2 5
4639725 0 7
4 7
0864 4 0
3920 0 1
1795 0 0
2468 1 2
0648 1 3
0486 1 3
6329 0 4
5 5
40172 0 3
94507 1 2
74285 0 1
19406 1 3
61709 2 3
9 9
023874651 0 8
735248906 2 6
238715409 0 8
410538296 0 8
865209174 1 7
786150934 1 7
145683927 2 6
567043912 2 7
105946732 0 9
5 4
80716 0 3
98507 0 2
31865 0 3
62150 1 4
6 5
250683 0 5
726850 1 3
832956 2 2
034826 0 5
302458 1 4
8 8
65729480 1 5
21835940 0 7
87291453 0 7
40189237 0 8
08714392 2 6
93417082 3 5
93710824 0 8
09347182 4 4
9 8
835079162 1 8
359701268 0 9
617538092 1 8
123058679 0 9
685127903 1 8
978526130 4 5
975286031 1 8
078529316 4 5
9 11
270163854 1 7
452617839 1 7
312965780 0 8
697421805 0 8
506792134 0 8
150348962 1 7
231087946 1 8
763108249 3 6
843107692 1 8
738146029 6 3
618395420 0 9
8 10
46091532 0 7
90215467 0 7
24967103 1 6
07439125 0 7
53926074 1 6
15360279 1 6
31974256 0 8
52647319 2 6
59762341 4 4
29507186 0 8
7 8
0475618 0 5
1628079 0 4
5964703 1 4
2534167 2 3
9184537 2 4
9581463 1 6
8194365 2 5
8514936 1 6
9 10
218534079 1 7
038146925 0 8
683295174 1 7
890352671 0 8
671403289 2 7
367428109 1 8
182073469 1 8
602431798 1 8
481739206 1 8
641978032 6 3
8 9
57349280 0 7
70512849 1 5
30865974 2 5
29583674 2 5
49832076 1 6
20853467 1 6
32054679 2 5
95063872 1 6
39650824 5 3
7 6
1497580 2 3
2419576 2 3
2437918 0 5
7214530 2 2
3716589 1 5
1948536 3 4
10 10
6894120573 0 10
4937201856 1 9
5269307184 1 9
5147896302 0 10
2381509467 1 9
4610358927 1 9
3602987451 1 9
4756039281 0 10
7582361049 0 10
1370285694 4 6
5 4
97521 1 1
48510 1 1
17360 1 2
09563 2 2
6 6
320578 0 3
951736 1 4
679831 2 4
937861 2 4
976813 2 4
739816 0 6
10 10
7536281940 1 9
2651987034 1 9
2574069813 1 9
8324671059 0 10
0295784163 0 10
7640325891 0 10
5431809627 1 9
9561438702 2 8
5819462730 2 8
9517840236 0 10
8 7
84962730 1 6
02659437 1 6
72483950 1 5
71069243 1 7
91432067 4 4
41302967 3 5
21943067 2 6
8 9
64297150 1 6
98640125 1 6
31652940 0 6
72460851 0 7
95107682 0 8
56829107 0 8
08271569 1 7
67518029 3 5
87216095 1 7
5 6
07269 0 2
19350 0 3
98573 1 2
38605 2 1
93645 0 3
38094 1 2
9 10
573496182 1 7
952467310 0 8
213904875 0 8
346270158 1 8
067251483 2 7
560321748 0 9
674258031 1 8
024173586 2 7
036745281 3 6
028736451 4 5
7 7
5084273 1 6
3804527 1 6
5473820 0 7
3782405 0 7
0358247 1 6
8507234 0 7
0845372 4 3
6 7
280167 1 3
103264 1 3
972063 1 2
829461 1 2
483071 0 4
518360 3 1
714560 2 4
6 7
317846 0 5
481375 1 3
084637 1 3
146397 0 4
472681 0 5
683124 1 5
861234 2 4
10 7
7589146302 2 8
2769130485 2 8
1987650432 5 5
1980276435 4 6
1780953462 4 6
1089752436 2 8
5980637412 5 5
10 11
6218745390 2 8
1065789342 0 10
2519867430 0 10
6142038795 2 8
3648015927 3 7
6743905128 2 8
3758024196 1 9
3182945067 1 9
6348291507 2 8
6397015284 2 8
0948635271 1 9
6 6
658419 1 2
236917 1 2
407215 0 4
359047 1 3
278094 3 2
623801 0 6
8 6
65378219 0 6
83960542 3 4
83945601 4 3
83546102 3 4
84915302 3 4
13954602 4 4
5 4
65219 0 2
28375 2 1
98324 1 3
23974 1 4
5 6
91230 0 2
23678 1 1
80649 0 2
43815 1 2
18975 0 2
53407 1 4
5 5
14830 0 4
28043 0 4
30487 2 2
60384 1 3
03489 4 0
10 12
0638942571 0 10
4902137865 0 10
7413568290 4 6
6479508213 2 8
7519360284 1 9
7063518429 1 9
9483265710 2 8
1457068392 2 8
8461753290 3 7
8417529630 1 9
6853471290 7 3
2456810397 0 10
6 6
965830 0 4
183295 0 3
239076 1 4
037961 0 4
679502 2 4
602579 2 4
5 4
04178 1 1
24316 0 2
58169 1 4
91568 1 4
10 11
0167283495 0 10
5038164972 0 10
2413850769 1 9
4695312780 2 8
4519027683 1 9
1854329706 2 8
4853976210 0 10
3275819604 1 9
9612348507 0 10
7594802136 2 8
1970452386 7 3
7 5
5318426 0 6
6124578 0 5
4602831 2 3
1432895 4 2
1532869 2 4
4 5
2134 0 2
7381 2 0
5481 0 1
7340 3 0
7349 3 0
7 6
3720854 2 3
5723109 0 5
4930256 1 4
3642751 0 4
8210934 1 3
6590873 3 4
4 5
5378 1 1
5693 1 0
0473 0 2
5701 1 1
7608 0 1
10 9
1948732650 0 10
5061987324 0 10
9734605182 0 10
8475023961 0 10
2513840796 0 10
7290364518 1 9
4306591278 3 7
4609218573 0 10
0126579438 0 10
7 8
2610489 0 5
8396512 0 4
4809731 2 4
3872041 1 5
7109243 0 6
4278930 1 6
9042738 5 2
0942738 3 4
5 5
05236 0 2
60849 2 1
69827 1 1
60714 0 3
56841 2 1
5 4
54967 1 1
04531 0 2
36807 1 1
38924 2 2
6 9
356147 0 3
815709 1 3
719620 0 3
490738 1 3
275498 0 4
023785 2 4
820375 0 6
082753 3 3
038752 1 5
5 4
80374 1 1
92864 0 4
84652 1 3
86549 3 0
8 6
71395680 1 5
78542906 2 4
48302791 0 6
91528346 0 6
76234105 5 3
76431205 4 4
4 5
6902 1 1
6247 0 2
1072 0 1
4806 0 1
5924 2 1
9 11
549768301 1 7
409823167 0 8
023785416 1 8
643571820 2 7
814365720 1 8
581076423 1 8
213678045 1 8
136275804 1 8
618537402 1 8
683204751 3 6
620374581 1 8
5 6
96372 2 2
93576 1 2
92307 1 2
94632 4 0
91632 4 0
65819 0 5
10 8
6793514820 1 9
7345109628 1 9
8675294103 0 10
0437156892 2 8
0412537689 2 8
3142650879 2 8
6820157349 3 7
2319057846 2 8
8 9
38096725 0 7
67843952 1 6
20654938 0 7
62475890 1 6
95870364 1 6
76839240 4 3
74835209 2 6
75983240 3 5
29507186 0 8
7 7
3165497 0 5
7894362 0 5
4780653 2 2
4972610 1 5
4210739 1 6
1940273 3 4
7490812 0 7
6 7
042617 6 0
359614 2 1
327819 1 2
670214 1 5
017624 2 4
721604 1 5
623801 0 6
5 4
25369 0 2
70983 0 3
84035 0 1
97821 3 2
4 5
7861 0 1
6095 0 2
2653 1 1
3150 1 1
0258 1 1
5 4
93678 2 2
73498 1 2
39658 2 2
83657 1 4
10 8
8159467203 4 6
6359017248 2 8
8206417953 1 9
8357162409 3 7
0957468231 3 7
1958267304 6 4
1954367802 4 6
1259768304 4 6
4 6
1783 0 3
7328 0 2
8631 1 1
8517 1 1
9137 3 0
0137 3 0
10 10
1452609378 1 9
3871624509 1 9
7358216049 2 8
3710295648 2 8
8095214673 4 6
1796254083 2 8
8954271603 1 9
3495217860 2 8
7065234198 3 7
7593014628 1 9
4 5
0526 0 2
6480 2 1
7460 0 2
6089 3 0
6081 3 0
5 3
73825 1 1
12894 1 2
90831 3 1
7 8
5743982 1 4
7345860 1 3
2649713 0 5
8165927 0 5
3712590 2 4
7013298 2 3
5471290 3 4
5917240 5 2
10 10
4106827395 2 8
0167389245 2 8
3207185496 1 9
9152486307 0 10
1873029465 2 8
4860325179 2 8
1360274895 4 6
2768034195 2 8
6470312895 5 5
1680342795 6 4
8 5
35412097 2 5
36914570 3 3
39710582 3 5
37519280 3 5
32510978 2 6
8 8
62109748 0 6
96354802 0 7
30915426 0 6
45067389 0 7
84276953 6 2
84236957 5 3
87246953 5 3
84726953 4 4
7 7
5320198 0 6
8109263 1 4
2458903 3 3
1453209 1 5
2051483 1 5
3158940 2 4
2184905 3 4
9 7
396758014 0 8
827106493 4 5
827190346 2 7
867903421 2 7
824976103 2 7
871260493 1 8
427801963 3 6
5 5
86219 0 3
75861 1 2
97562 0 4
72985 2 3
65819 0 5
7 7
8473295 0 4
1065987 0 6
7358601 2 4
7639051 1 4
7186502 2 5
6158072 0 7
7512806 3 4
6 8
369104 0 3
842035 0 2
917856 1 4
715962 1 5
571926 1 5
516297 1 5
976512 0 6
125796 3 3
6 6
968437 0 2
542310 1 4
249105 2 3
641025 0 4
295301 1 5
519203 0 6
6 5
709214 1 2
604573 0 4
850964 1 3
538104 2 1
932654 1 2
10 12
7834215069 2 8
5067284139 2 8
7861952430 1 9
8164209573 1 9
6805243197 1 9
9467813025 1 9
3791286054 0 10
2054618937 2 8
7026514893 2 8
7048623519 2 8
6074351829 8 2
2456810397 0 10
4 4
1679 1 0
3270 1 1
2875 1 1
4078 0 0
5 5
52140 1 2
42659 0 3
93045 0 3
59471 0 2
25980 4 0
5 3
40972 1 2
25073 0 1
64892 0 4
6 5
702156 1 4
215796 1 4
267851 1 4
327516 0 6
532761 0 6
5 6
38069 0 2
81470 1 2
01234 1 4
13240 1 4
10432 1 4
24130 0 5
4 6
0785 0 2
1097 1 1
6059 0 1
1802 1 1
9827 1 1
4207 2 2
9 11
398416275 9 0
243867951 0 9
426358719 0 9
374921568 1 8
175684293 1 8
569481327 1 8
572193684 0 9
957416238 4 5
719546238 2 7
957641832 0 9
618395420 0 9
7 4
3602418 3 2
9302748 2 2
6901458 2 3
6532918 4 3
7 8
0148639 1 4
1940523 0 5
7835109 0 5
2106385 1 5
0652398 1 5
5209618 1 5
9268351 0 7
5183296 1 6
7 8
5671983 0 5
7315492 1 4
3798052 0 4
0145367 1 5
6139405 0 6
0367149 1 6
7946130 3 4
0916734 2 5
8 8
61952034 0 6
82745369 1 5
72501896 1 6
29135807 0 7
16703582 2 5
06583719 0 8
97308561 3 5
83609571 1 7
4 4
6153 0 2
1580 0 0
2634 0 3
9326 2 2
4 5
3674 0 2
0413 0 2
7139 1 0
5146 0 2
4538 1 1
10 11
1326487590 2 8
3926540871 0 10
1069438725 1 9
6579382140 1 9
8137402569 3 7
9107684523 2 8
9613472508 1 9
4287139560 1 9
6857401293 1 9
2195483067 0 10
8374061529 5 5
10 9
0749158326 0 10
6423970518 0 10
2980435671 1 9
9067531482 1 9
4107685239 0 10
3052816974 3 7
3618542970 5 5
3861042975 5 5
1365842970 2 8
5 4
43107 1 0
89165 1 2
69287 1 3
29806 2 1
10 7
2854396170 2 8
8956317042 1 9
8324176509 4 6
8042196537 2 8
7024381569 2 8
8524103976 1 9
1974826503 5 5
4 7
3916 1 1
4126 1 1
5921 1 0
5436 0 2
3620 0 1
4968 3 0
6329 0 4
6 7
478132 1 4
238047 1 4
318704 0 4
872943 0 5
483627 0 5
257438 2 4
623801 0 6
8 8
36971208 1 5
51986734 1 5
86259740 0 7
25684107 1 7
70615284 2 6
41670582 0 8
65807214 1 7
07485261 6 2
9 7
023816597 1 7
845027693 3 5
815293647 0 8
142076953 0 8
480627195 3 6
658127094 6 3
654127890 5 4
9 9
492518670 0 8
504921368 1 7
864372015 1 7
017294385 1 7
176395248 3 5
108396527 2 6
806197234 1 8
076341829 3 6
089361247 5 4
6 7
304279 1 2
258971 0 4
835019 0 5
914853 0 4
380125 1 5
503182 1 5
321580 2 4
5 2
54679 1 0
04321 3 2
10 11
7481630592 1 9
2365407891 0 10
8206139754 1 9
1598034627 0 10
7804253169 0 10
6429518730 0 10
3756920418 2 8
8072695413 2 8
4716892503 1 9
4172980356 3 7
5076941382 0 10
8 9
98650421 1 5
85472361 1 7
21647385 0 8
64752813 1 7
82165473 1 7
78132654 1 7
83251647 0 8
68415732 1 7
16375824 0 8
8 9
10936285 1 5
62981754 1 5
42537608 0 7
87053294 1 6
60278493 1 6
67349025 2 5
39048765 0 8
54386097 2 6
50369874 0 8
7 10
1269053 7 0
7495306 0 5
5810649 0 5
9341857 1 3
9062714 1 4
3046982 0 5
8629750 2 3
6329015 2 5
1369520 3 4
7490812 0 7
6 5
592401 1 3
078541 0 4
125486 1 4
510682 0 6
852016 0 6
9 10
035749821 0 8
709518364 0 8
670923158 1 7
327465908 1 7
826904513 2 6
417936582 3 5
416807952 1 8
457980216 2 7
482961570 1 8
167902485 1 8
8 9
41259087 8 0
81275069 3 4
13297065 2 4
79285041 2 6
18572049 1 7
51248097 4 4
85249017 4 4
84251097 4 4
29507186 0 8
10 9
4095276183 0 10
7643980215 0 10
2938405761 3 7
8260435971 3 7
3278451960 0 10
8902745631 1 9
2960138754 4 6
2369105874 1 9
2850634791 8 2
4 4
9762 0 2
8619 1 2
1690 0 2
8946 0 4
4 4
2806 1 0
2137 2 1
1837 1 1
2739 1 3
10 14
0873196542 2 8
4160893752 1 9
4392176805 1 9
4976321580 0 10
9723140658 1 9
7863512409 2 8
2869157034 0 10
3718506492 2 8
7204596318 1 9
8053679412 2 8
5603714892 2 8
0143578296 2 8
7613809245 3 7
2456810397 0 10
8 8
36018957 0 6
81462593 1 6
18203564 0 6
24159673 0 7
92867431 1 6
51974238 1 7
45782139 0 8
89371425 4 4
9 10
897624053 2 6
875246091 2 6
807239415 2 6
967284531 0 8
840936152 1 7
281637095 2 6
801475693 3 6
891743605 1 8
813605497 4 5
804651397 2 7
8 8
23745601 2 5
37964501 1 5
24658103 1 6
20436781 1 6
68475302 0 7
25763814 0 8
73528461 1 7
13254687 4 4
7 6
4352769 1 4
9820467 1 3
2863751 1 4
9314856 2 2
3912057 3 3
7012453 1 6
10 12
8062319574 0 10
0254936718 3 7
2840931756 1 9
0376945812 1 9
4701956238 1 9
0127836495 2 8
7251634890 1 9
9684037215 1 9
0615423798 1 9
3245876019 1 9
0754861923 1 9
5324196780 8 2
9 9
690172584 0 8
742613809 2 6
431865709 2 6
237684059 1 7
159483702 1 7
082531769 1 7
512894306 0 8
458217639 0 8
943625710 1 7
10 11
6947532018 2 8
6740823951 2 8
6827015943 1 9
6935270481 1 9
2796031458 0 10
6073928514 2 8
3245708916 3 7
1043762985 3 7
7543680912 2 8
4375862910 0 10
8943725106 2 8
0 0
